0.000877521388698369
0.000768533208640292
0.000278963138349354
0.000529163692612201
0.000962907031178474
0.000980354584986344
9.13325883448124e-05
7.07494784146547e-05
0.000327593952184543
0.000370074542239308
0.000715527557302266
0.000757796354126185
1.92793854512274e-06
0.000742802090244368
0.000192418547347188
0.000452099627349526
0.000322147279744968
0.000109071407467127
0.000289262361824512
0.000819456485565752
0.00049196770018898
3.02564888261259e-05
0.000440231532091275
7.72851018700749e-05
0.000264960458036512
6.9590674014762e-05
0.000907119023380801
0.000992276785196736
6.40859408304095e-05
0.00067510911799036
0.0364355511555914
0.0475431215763092
0.0842414632393047
0.0226677717617713
0.0535694823553786
0.0501238027343061
0.0492528789688367
0.0914495009894017
0.066886916582007
0.0294950161105953
0.0613872815959621
0.00862884506350383
0.0470447606546804
0.0493453675147612
0.0776677198160905
0.0463890004775021
0.066206034674542
0.0761507674644236
0.0434146166581195
0.0675019687169697
0.0116976795531809
0.0510216468735598
0.0311757607909385
0.0955234306352213
0.0169465151953045
0.0535054410074372
0.0056335166702047
0.048737489139894
0.0306281556084286
0.00711401641485281
0.0443653847381938
0.0152412280347198
0.0946894073404837
0.00959305529249832
0.0943154841836076
0.00876560511882417
0.0872858106344938
0.0610307586344425
0.0179433693096507
0.0594664043723606
0.00798299418063834
0.0434155817504507
0.0221445634728298
0.0593095827300567
0.0898861714079976
0.04174116644077
0.0558253733371384
0.0518517481756862
0.0680826744297519
0.030689037181437
0.282616285048425
0.558333977125585
0.224587131105363
0.576560429669917
0.484341716021299
0.377933533396572
0.342421225272119
0.401798203401267
0.258988717198372
0.220499405544251
0.402900936920196
0.31813553115353
0.524431387707591
0.588372208271176
0.524429657775909
0.548232708778232
0.539044606313109
0.50290163718164
0.340594770666212
0.213824238441885